                                                  5555555555555555555555555555555555555555555555555533333333333333333333333333333333333333333333333333
                                                  5555555555555555555555555555555555555555555555555533333333333333333333333333333333333333333333333333
                                                  5555555555555555555555555555555555555555555555555533333333333333333333333333333333333333333333333333
                                                  5555555555555555555555555555555555555555555555555533333333333333333333333333333333333333333333333333
                                                  5555555555555555555555555555555555555555555555555533333333333333333333333333333333333333333333333333
                                                  5555555555555555555555555555555555555555555555555533333333333333333333333333333333333333333333333333
                                                  5555555555555555555555555555555555555555555555555533333333333333333333333333333333333333333333333333
                                                  5555555555555555555555555555555555555555555555555533333333333333333333333333333333333333333333333333
                                                  5555555555555555555555555555555555555555555555555533333333333333333333333333333333333333333333333333
                                                  5555555555555555555555555555555555555555555555555533333333333333333333333333333333333333333333333333
                                                  5555555555555555555555555555555555555555555555555533333333333333333333333333333333333333333333333333
                                                  5555555555555555555555555555555555555555555555555533333333333333333333333333333333333333333333333333
                                                  5555555555555555555555555555555555555555555555555533333333333333333333333333333333333333333333333333
                                                  5555555555555555555555555555555555555555555555555533333333333333333333333333333333333333333333333333
                                                  5555555555555555555555555555555555555555555555555533333333333333333333333333333333333333333333333333
                                                  5555555555555555555555555555555555555555555555555533333333333333333333333333333333333333333333333333
                                                  5555555555555555555555555555555555555555555555555533333333333333333333333333333333333333333333333333
                                                  5555555555555555555555555555555555555555555555555533333333333333333333333333333333333333333333333333
                                                  5555555555555555555555555555555555555555555555555533333333333333333333333333333333333333333333333333
                                                  5555555555555555555555555555555555555555555555555533333333333333333333333333333333333333333333333333
                                                  5555555555555555555555555555555555555555555555555533333333333333333333333333333333333333333333333333
                                                  5555555555555555555555555555555555555555555555555533333333333333333333333333333333333333333333333333
                                                  5555555555555555555555555555555555555555555555555533333333333333333333333333333333333333333333333333
                                                  5555555555555555555555555555555555555555555555555533333333333333333333333333333333333333333333333333
                                                  5555555555555555555555555555555555555555555555555533333333333333333333333333333333333333333333333333
                                                  5555555555555555555555555555555555555555555555555533333333333333333333333333333333333333333333333333
                                                  5555555555555555555555555555555555555555555555555533333333333333333333333333333333333333333333333333
                                                  5555555555555555555555555555555555555555555555555533333333333333333333333333333333333333333333333333
                                                  5555555555555555555555555555555555555555555555555533333333333333333333333333333333333333333333333333
                                                  5555555555555555555555555555555555555555555555555533333333333333333333333333333333333333333333333333
                                                  5555555555555555555555555555555555555555555555555533333333333333333333333333333333333333333333333333
                                                  5555555555555555555555555555555555555555555555555533333333333333333333333333333333333333333333333333
                                                  5555555555555555555555555555555555555555555555555533333333333333333333333333333333333333333333333333
                                                  5555555555555555555555555555555555555555555555555533333333333333333333333333333333333333333333333333
                                                  5555555555555555555555555555555555555555555555555533333333333333333333333333333333333333333333333333
                                                  5555555555555555555555555555555555555555555555555533333333333333333333333333333333333333333333333333
                                                  5555555555555555555555555555555555555555555555555533333333333333333333333333333333333333333333333333
                                                  5555555555555555555555555555555555555555555555555533333333333333333333333333333333333333333333333333
                                                  5555555555555555555555555555555555555555555555555533333333333333333333333333333333333333333333333333
                                                  5555555555555555555555555555555555555555555555555533333333333333333333333333333333333333333333333333
                                                  5555555555555555555555555555555555555555555555555533333333333333333333333333333333333333333333333333
                                                  5555555555555555555555555555555555555555555555555533333333333333333333333333333333333333333333333333
                                                  5555555555555555555555555555555555555555555555555533333333333333333333333333333333333333333333333333
                                                  5555555555555555555555555555555555555555555555555533333333333333333333333333333333333333333333333333
                                                  5555555555555555555555555555555555555555555555555533333333333333333333333333333333333333333333333333
                                                  5555555555555555555555555555555555555555555555555533333333333333333333333333333333333333333333333333
                                                  5555555555555555555555555555555555555555555555555533333333333333333333333333333333333333333333333333
                                                  5555555555555555555555555555555555555555555555555533333333333333333333333333333333333333333333333333
                                                  5555555555555555555555555555555555555555555555555533333333333333333333333333333333333333333333333333
                                                  5555555555555555555555555555555555555555555555555533333333333333333333333333333333333333333333333333
                                                  22222222222222222222222222222222222222222222222222                                                  
                                                  22222222222222222222222222222222222222222222222222                                                  
                                                  22222222222222222222222222222222222222222222222222                                                  
                                                  22222222222222222222222222222222222222222222222222                                                  
                                                  22222222222222222222222222222222222222222222222222                                                  
                                                  22222222222222222222222222222222222222222222222222                                                  
                                                  22222222222222222222222222222222222222222222222222                                                  
                                                  22222222222222222222222222222222222222222222222222                                                  
                                                  22222222222222222222222222222222222222222222222222                                                  
                                                  22222222222222222222222222222222222222222222222222                                                  
                                                  22222222222222222222222222222222222222222222222222                                                  
                                                  22222222222222222222222222222222222222222222222222                                                  
                                                  22222222222222222222222222222222222222222222222222                                                  
                                                  22222222222222222222222222222222222222222222222222                                                  
                                                  22222222222222222222222222222222222222222222222222                                                  
                                                  22222222222222222222222222222222222222222222222222                                                  
                                                  22222222222222222222222222222222222222222222222222                                                  
                                                  22222222222222222222222222222222222222222222222222                                                  
                                                  22222222222222222222222222222222222222222222222222                                                  
                                                  22222222222222222222222222222222222222222222222222                                                  
                                                  22222222222222222222222222222222222222222222222222                                                  
                                                  22222222222222222222222222222222222222222222222222                                                  
                                                  22222222222222222222222222222222222222222222222222                                                  
                                                  22222222222222222222222222222222222222222222222222                                                  
                                                  22222222222222222222222222222222222222222222222222                                                  
                                                  22222222222222222222222222222222222222222222222222                                                  
                                                  22222222222222222222222222222222222222222222222222                                                  
                                                  22222222222222222222222222222222222222222222222222                                                  
                                                  22222222222222222222222222222222222222222222222222                                                  
                                                  22222222222222222222222222222222222222222222222222                                                  
                                                  22222222222222222222222222222222222222222222222222                                                  
                                                  22222222222222222222222222222222222222222222222222                                                  
                                                  22222222222222222222222222222222222222222222222222                                                  
                                                  22222222222222222222222222222222222222222222222222                                                  
                                                  22222222222222222222222222222222222222222222222222                                                  
                                                  22222222222222222222222222222222222222222222222222                                                  
                                                  22222222222222222222222222222222222222222222222222                                                  
                                                  22222222222222222222222222222222222222222222222222                                                  
                                                  22222222222222222222222222222222222222222222222222                                                  
                                                  22222222222222222222222222222222222222222222222222                                                  
                                                  22222222222222222222222222222222222222222222222222                                                  
                                                  22222222222222222222222222222222222222222222222222                                                  
                                                  22222222222222222222222222222222222222222222222222                                                  
                                                  22222222222222222222222222222222222222222222222222                                                  
                                                  22222222222222222222222222222222222222222222222222                                                  
                                                  22222222222222222222222222222222222222222222222222                                                  
                                                  22222222222222222222222222222222222222222222222222                                                  
                                                  22222222222222222222222222222222222222222222222222                                                  
                                                  22222222222222222222222222222222222222222222222222                                                  
                                                  22222222222222222222222222222222222222222222222222                                                  
1111111111111111111111111111111111111111111111111100000000000000000000000000000000000000000000000000                                                  
1111111111111111111111111111111111111111111111111100000000000000000000000000000000000000000000000000                                                  
1111111111111111111111111111111111111111111111111100000000000000000000000000000000000000000000000000                                                  
1111111111111111111111111111111111111111111111111100000000000000000000000000000000000000000000000000                                                  
1111111111111111111111111111111111111111111111111100000000000000000000000000000000000000000000000000                                                  
1111111111111111111111111111111111111111111111111100000000000000000000000000000000000000000000000000                                                  
1111111111111111111111111111111111111111111111111100000000000000000000000000000000000000000000000000                                                  
1111111111111111111111111111111111111111111111111100000000000000000000000000000000000000000000000000                                                  
1111111111111111111111111111111111111111111111111100000000000000000000000000000000000000000000000000                                                  
1111111111111111111111111111111111111111111111111100000000000000000000000000000000000000000000000000                                                  
1111111111111111111111111111111111111111111111111100000000000000000000000000000000000000000000000000                                                  
1111111111111111111111111111111111111111111111111100000000000000000000000000000000000000000000000000                                                  
1111111111111111111111111111111111111111111111111100000000000000000000000000000000000000000000000000                                                  
1111111111111111111111111111111111111111111111111100000000000000000000000000000000000000000000000000                                                  
1111111111111111111111111111111111111111111111111100000000000000000000000000000000000000000000000000                                                  
1111111111111111111111111111111111111111111111111100000000000000000000000000000000000000000000000000                                                  
1111111111111111111111111111111111111111111111111100000000000000000000000000000000000000000000000000                                                  
1111111111111111111111111111111111111111111111111100000000000000000000000000000000000000000000000000                                                  
1111111111111111111111111111111111111111111111111100000000000000000000000000000000000000000000000000                                                  
1111111111111111111111111111111111111111111111111100000000000000000000000000000000000000000000000000                                                  
1111111111111111111111111111111111111111111111111100000000000000000000000000000000000000000000000000                                                  
1111111111111111111111111111111111111111111111111100000000000000000000000000000000000000000000000000                                                  
1111111111111111111111111111111111111111111111111100000000000000000000000000000000000000000000000000                                                  
1111111111111111111111111111111111111111111111111100000000000000000000000000000000000000000000000000                                                  
1111111111111111111111111111111111111111111111111100000000000000000000000000000000000000000000000000                                                  
1111111111111111111111111111111111111111111111111100000000000000000000000000000000000000000000000000                                                  
1111111111111111111111111111111111111111111111111100000000000000000000000000000000000000000000000000                                                  
1111111111111111111111111111111111111111111111111100000000000000000000000000000000000000000000000000                                                  
1111111111111111111111111111111111111111111111111100000000000000000000000000000000000000000000000000                                                  
1111111111111111111111111111111111111111111111111100000000000000000000000000000000000000000000000000                                                  
1111111111111111111111111111111111111111111111111100000000000000000000000000000000000000000000000000                                                  
1111111111111111111111111111111111111111111111111100000000000000000000000000000000000000000000000000                                                  
1111111111111111111111111111111111111111111111111100000000000000000000000000000000000000000000000000                                                  
1111111111111111111111111111111111111111111111111100000000000000000000000000000000000000000000000000                                                  
1111111111111111111111111111111111111111111111111100000000000000000000000000000000000000000000000000                                                  
1111111111111111111111111111111111111111111111111100000000000000000000000000000000000000000000000000                                                  
1111111111111111111111111111111111111111111111111100000000000000000000000000000000000000000000000000                                                  
1111111111111111111111111111111111111111111111111100000000000000000000000000000000000000000000000000                                                  
1111111111111111111111111111111111111111111111111100000000000000000000000000000000000000000000000000                                                  
1111111111111111111111111111111111111111111111111100000000000000000000000000000000000000000000000000                                                  
1111111111111111111111111111111111111111111111111100000000000000000000000000000000000000000000000000                                                  
1111111111111111111111111111111111111111111111111100000000000000000000000000000000000000000000000000                                                  
1111111111111111111111111111111111111111111111111100000000000000000000000000000000000000000000000000                                                  
1111111111111111111111111111111111111111111111111100000000000000000000000000000000000000000000000000                                                  
1111111111111111111111111111111111111111111111111100000000000000000000000000000000000000000000000000                                                  
1111111111111111111111111111111111111111111111111100000000000000000000000000000000000000000000000000                                                  
1111111111111111111111111111111111111111111111111100000000000000000000000000000000000000000000000000                                                  
1111111111111111111111111111111111111111111111111100000000000000000000000000000000000000000000000000                                                  
1111111111111111111111111111111111111111111111111100000000000000000000000000000000000000000000000000                                                  
1111111111111111111111111111111111111111111111111100000000000000000000000000000000000000000000000000                                                  
44444444444444444444444444444444444444444444444444                                                                                                    
44444444444444444444444444444444444444444444444444                                                                                                    
44444444444444444444444444444444444444444444444444                                                                                                    
44444444444444444444444444444444444444444444444444                                                                                                    
44444444444444444444444444444444444444444444444444                                                                                                    
44444444444444444444444444444444444444444444444444                                                                                                    
44444444444444444444444444444444444444444444444444                                                                                                    
44444444444444444444444444444444444444444444444444                                                                                                    
44444444444444444444444444444444444444444444444444                                                                                                    
44444444444444444444444444444444444444444444444444                                                                                                    
44444444444444444444444444444444444444444444444444                                                                                                    
44444444444444444444444444444444444444444444444444                                                                                                    
44444444444444444444444444444444444444444444444444                                                                                                    
44444444444444444444444444444444444444444444444444                                                                                                    
44444444444444444444444444444444444444444444444444                                                                                                    
44444444444444444444444444444444444444444444444444                                                                                                    
44444444444444444444444444444444444444444444444444                                                                                                    
44444444444444444444444444444444444444444444444444                                                                                                    
44444444444444444444444444444444444444444444444444                                                                                                    
44444444444444444444444444444444444444444444444444                                                                                                    
44444444444444444444444444444444444444444444444444                                                                                                    
44444444444444444444444444444444444444444444444444                                                                                                    
44444444444444444444444444444444444444444444444444                                                                                                    
44444444444444444444444444444444444444444444444444                                                                                                    
44444444444444444444444444444444444444444444444444                                                                                                    
44444444444444444444444444444444444444444444444444                                                                                                    
44444444444444444444444444444444444444444444444444                                                                                                    
44444444444444444444444444444444444444444444444444                                                                                                    
44444444444444444444444444444444444444444444444444                                                                                                    
44444444444444444444444444444444444444444444444444                                                                                                    
44444444444444444444444444444444444444444444444444                                                                                                    
44444444444444444444444444444444444444444444444444                                                                                                    
44444444444444444444444444444444444444444444444444                                                                                                    
44444444444444444444444444444444444444444444444444                                                                                                    
44444444444444444444444444444444444444444444444444                                                                                                    
44444444444444444444444444444444444444444444444444                                                                                                    
44444444444444444444444444444444444444444444444444                                                                                                    
44444444444444444444444444444444444444444444444444                                                                                                    
44444444444444444444444444444444444444444444444444                                                                                                    
44444444444444444444444444444444444444444444444444                                                                                                    
44444444444444444444444444444444444444444444444444                                                                                                    
44444444444444444444444444444444444444444444444444                                                                                                    
44444444444444444444444444444444444444444444444444                                                                                                    
44444444444444444444444444444444444444444444444444                                                                                                    
44444444444444444444444444444444444444444444444444                                                                                                    
44444444444444444444444444444444444444444444444444                                                                                                    
44444444444444444444444444444444444444444444444444                                                                                                    
44444444444444444444444444444444444444444444444444                                                                                                    
44444444444444444444444444444444444444444444444444                                                                                                    
44444444444444444444444444444444444444444444444444                                                                                                    